"giving" "svo" "volunteer" "emo" "unpaid" "contrib" "polpart" "immediate" "delayed" "bwd" "catflu" "numser" "count" "income" "ftp"
0 0 0 0 0 0 0 4 4 6 27 2 37 2 23
3 1 1 3 0 2 1 8 4 5 21 1 35 3 31
1 1 3 2 0 3 1 5 3 5 21 2 21 7 30
2 1 0 1 2 1 1 8 5 4 22 3 39 5 42
1 1 3 1 3 2 3 7 3 5 25 3 45 6 36
3 1 3 2 1 3 3 7 7 5 28 3 38 4 29
0 0 0 2 2 0 2 9 7 6 12 5 45 4 32
1 0 0 3 1 1 0 7 1 5 19 3 41 4 18
3 1 2 3 2 0 1 6 3 4 19 2 38 7 46
1 1 2 2 1 3 0 7 5 5 21 1 29 5 54
1 0 3 3 3 3 3 9 8 5 26 3 40 2 53
1 0 2 1 1 1 1 1 0 5 14 3 36 3 32
0 1 3 3 3 1 1 12 9 7 24 3 28 4 49
0 0 0 3 3 1 1 4 2 4 14 1 41 5 24
1 1 0 2 0 0 1 4 4 6 22 4 41 7 24
0 1 0 3 3 2 0 6 4 5 27 2 34 3 34
1 1 2 0 0 2 0 6 6 5 25 4 38 6 48
0 0 0 1 3 3 1 5 3 5 19 4 41 10 52
3 1 0 0 0 1 0 12 6 7 30 5 63 3 48
3 0 2 1 1 1 1 8 5 7 26 5 45 4 56
2 1 0 1 3 3 0 7 6 4 28 3 34 9 21
0 1 2 1 1 2 1 5 5 7 26 4 57 4 50
1 1 0 0 0 0 1 3 1 7 20 3 30 5 47
3 0 2 0 0 3 0 5 4 4 20 4 47 5 37
1 0 0 3 3 3 2 9 8 6 23 4 52 7 32
1 1 0 0 0 0 0 5 1 6 15 3 47 2 20
3 1 3 0 0 3 1 6 1 6 14 5 41 7 48
3 1 2 1 1 3 3 7 5 5 24 3 30 5 25
2 0 0 2 3 1 1 7 5 5 26 5 31 6 57
3 1 1 1 0 2 3 5 5 7 27 4 39 5 38
3 1 2 1 1 2 0 7 4 4 25 3 43 6 56
3 1 3 0 2 1 3 8 2 5 36 4 51 3 42
1 1 1 0 1 0 0 6 2 3 14 2 48 6 51
3 1 0 2 3 2 1 5 4 5 22 4 46 9 53
3 0 3 0 0 0 0 4 2 7 33 4 50 7 37
3 1 0 2 3 1 2 8 7 8 24 2 47 10 32
1 1 3 3 3 0 0 4 4 5 21 5 34 4 39
0 1 2 3 3 0 1 11 11 8 22 2 28 7 51
3 1 0 1 2 1 1 5 0 6 26 4 44 7 41
0 1 1 2 0 2 0 10 6 7 24 5 44 NA 14
3 1 0 1 2 0 1 5 4 0 24 5 31 4 37
1 1 0 0 0 0 0 6 4 6 22 5 39 7 17
1 0 2 3 2 2 0 8 3 5 18 4 51 6 42
3 0 1 3 0 1 0 9 4 6 21 4 60 5 48
3 1 1 3 1 1 1 8 6 5 25 5 36 8 35
3 1 0 3 3 3 2 8 2 4 19 5 40 10 59
0 0 0 0 0 0 0 6 4 5 24 3 28 2 38
1 1 0 2 3 2 1 4 5 6 14 3 41 4 38
3 1 3 3 3 0 0 6 4 5 20 2 36 4 51
3 1 2 3 3 3 2 9 7 5 26 4 49 6 48
3 1 2 3 2 0 2 4 3 5 23 4 34 2 37
3 0 0 1 2 3 2 7 2 3 21 1 30 9 34
2 0 2 0 1 3 2 8 5 4 23 4 44 9 26
1 1 0 1 3 0 2 4 3 7 21 4 35 2 43
3 1 0 3 3 3 2 3 3 5 14 4 36 5 49
3 1 0 0 1 3 0 10 7 7 23 5 31 8 42
3 0 0 1 0 3 1 7 3 6 22 5 38 8 24
2 0 0 0 1 0 0 6 5 4 23 4 50 5 44
0 0 2 1 3 2 0 5 4 3 9 3 31 3 46
1 1 0 0 0 2 3 7 3 3 22 3 33 6 58
1 1 0 3 3 2 2 9 7 2 21 4 41 8 48
1 0 2 1 2 1 1 5 3 5 21 3 40 3 57
1 0 2 3 0 3 1 8 6 5 21 4 41 7 40
1 0 3 3 2 3 2 8 7 7 22 5 20 6 25
0 1 0 2 2 3 1 6 4 5 22 3 31 3 40
0 1 1 0 0 0 1 9 6 6 5 2 48 4 32
3 1 2 2 0 0 2 8 6 5 28 5 46 9 47
2 0 2 1 2 2 0 13 10 6 17 2 38 3 45
0 0 0 1 1 1 0 8 3 6 28 5 57 9 33
0 1 2 3 3 3 1 9 5 6 19 3 35 8 46
1 0 2 0 0 1 1 6 4 5 27 3 35 5 47
3 1 3 1 1 1 0 7 4 4 21 3 30 6 40
1 1 2 2 3 2 2 8 3 6 26 5 41 6 47
3 1 0 1 1 1 2 7 5 7 35 5 39 9 44
0 0 2 1 0 3 3 8 6 7 2 5 35 5 35
3 1 3 1 1 0 0 10 8 5 26 2 31 8 56
2 1 0 1 2 0 2 7 1 4 16 0 25 2 37
3 1 1 2 2 2 2 9 7 4 25 4 37 7 65
0 0 3 2 3 3 1 4 2 5 35 4 43 5 52
1 0 3 1 2 3 1 8 4 5 25 3 36 9 37
2 1 0 0 0 0 3 4 4 4 15 1 16 2 26
1 1 0 2 1 0 0 7 5 5 20 2 35 5 40
3 0 1 3 3 3 2 6 4 6 14 0 30 12 51
2 1 2 2 3 2 2 9 3 5 28 5 55 7 21
3 1 1 0 0 2 1 4 2 6 28 5 47 NA 60
1 1 0 2 2 3 0 10 9 5 24 4 58 10 36
1 0 3 0 0 0 1 9 3 6 20 3 38 6 42
2 0 0 0 1 0 2 7 0 5 21 1 33 4 62
3 1 0 3 3 3 0 5 4 6 17 3 39 6 56
2 0 0 3 3 2 2 7 4 5 24 3 43 9 49
3 1 3 1 0 1 2 9 8 7 20 5 42 10 43
3 1 0 3 1 1 0 5 4 6 24 4 39 8 68
3 1 3 0 0 1 2 13 6 5 22 5 52 4 37
0 0 0 1 3 2 0 8 4 4 22 2 58 3 42
0 0 1 1 2 0 1 7 5 6 32 4 39 3 25
3 1 0 0 2 0 2 6 5 4 24 5 42 3 32
3 1 0 3 3 3 0 7 6 4 30 2 23 11 57
2 1 3 1 3 3 2 7 1 4 22 5 39 8 44
3 0 1 1 2 2 1 6 6 4 21 5 37 12 38
3 1 1 0 2 1 2 7 3 4 24 3 40 6 40
0 1 0 2 2 3 2 7 4 8 26 4 58 9 49
0 0 3 2 1 3 0 9 8 6 30 4 53 12 42
3 1 2 2 3 3 3 7 4 4 25 4 35 7 35
0 1 0 2 3 2 0 9 8 7 34 4 69 10 43
1 1 0 0 0 0 0 6 5 7 13 3 29 NA 28
2 0 0 1 1 3 0 5 2 6 30 0 33 8 33
1 1 3 3 2 2 2 5 3 6 13 2 55 9 38
2 0 2 0 0 1 0 6 3 7 27 4 36 5 20
0 0 3 3 2 0 1 5 3 4 19 4 39 5 57
0 0 2 0 2 0 0 4 0 5 17 2 36 11 42
0 1 0 2 0 2 1 4 3 4 17 3 43 9 50
3 0 3 2 3 1 1 5 4 8 20 4 37 5 69
1 1 0 1 3 3 0 7 6 5 25 5 42 11 39
2 1 1 0 0 0 2 6 4 5 19 2 35 2 36
3 0 3 0 0 1 0 6 5 6 19 5 44 7 52
0 0 0 0 0 0 2 10 7 4 13 4 35 5 31
2 1 3 3 2 3 3 6 5 5 28 5 33 7 38
3 1 3 1 2 3 1 0 4 5 23 3 35 2 32
0 1 2 3 3 3 0 4 2 5 19 3 24 NA 20
3 0 3 3 3 3 1 8 6 4 21 4 58 12 46
1 1 1 2 2 3 1 5 5 4 34 2 41 10 40
1 0 0 2 0 0 1 5 2 7 25 4 47 5 56
0 0 0 2 1 1 2 9 9 7 22 4 41 4 36
1 1 3 3 3 3 1 4 3 6 17 3 44 7 57
1 0 0 1 1 1 0 5 3 5 19 2 45 5 26
1 1 2 3 3 0 3 11 7 5 13 1 41 7 33
3 1 1 2 3 2 1 5 2 5 20 4 36 7 53
0 1 3 2 2 3 3 8 5 5 22 4 32 5 23
1 0 0 3 2 1 3 3 2 6 21 3 33 4 16
2 0 0 0 1 0 2 6 1 5 25 3 35 3 36
0 0 1 0 0 3 0 6 4 5 14 5 35 7 20
1 1 3 0 0 2 3 4 1 4 15 2 30 6 50
1 1 0 3 0 1 1 5 3 4 24 4 49 11 38
2 1 1 2 3 3 2 5 3 5 29 5 34 12 30
0 0 3 0 0 0 0 5 5 4 17 2 53 3 36
2 1 2 3 2 3 0 10 9 7 20 3 49 7 35
3 1 0 2 0 2 2 8 6 4 19 3 35 7 53
1 1 0 2 2 3 0 5 2 5 26 5 44 7 44
1 1 0 0 1 3 2 12 6 6 30 4 51 7 13
3 1 2 2 2 2 1 4 3 5 16 3 32 4 41
0 1 3 3 3 2 1 8 5 5 25 5 48 5 51
1 0 2 1 1 0 2 5 4 4 30 3 52 8 58
0 0 1 2 3 1 3 5 2 8 17 4 42 12 58
0 1 0 3 2 0 0 5 4 4 17 3 52 12 47
0 0 0 2 0 0 1 5 4 4 18 1 42 11 59
0 1 0 1 0 0 1 7 5 7 29 5 60 6 49
3 1 0 2 0 2 1 5 1 4 24 4 29 6 32
1 0 0 3 3 2 0 6 2 6 20 5 36 5 31
3 1 0 1 1 1 1 7 5 5 27 4 34 9 40
0 1 0 0 0 0 1 5 1 4 8 3 39 2 47
3 1 3 3 0 1 1 5 4 5 25 2 42 9 43
1 1 3 2 1 1 2 9 6 7 30 5 38 4 40
3 1 1 0 2 2 2 9 8 5 25 3 50 10 45
0 0 3 0 2 3 2 7 7 4 24 4 50 9 35
0 1 0 3 3 2 0 7 5 5 29 4 39 11 56
0 1 1 0 1 3 2 12 13 6 30 5 44 NA 38
1 1 3 3 2 1 1 8 6 4 16 3 37 5 48
0 0 1 0 0 0 3 6 4 7 22 3 46 4 57
3 1 3 3 3 1 2 5 0 5 22 5 45 8 43
1 1 3 3 3 3 0 6 6 3 21 1 43 NA 57
3 0 2 0 0 3 0 4 1 4 21 2 34 5 38
0 0 3 0 0 3 0 11 8 5 21 4 47 12 20
0 1 0 0 0 1 1 6 1 5 19 2 46 11 31
3 1 2 2 2 2 0 11 10 5 26 4 33 7 61
3 1 1 1 1 1 2 8 7 4 22 3 71 4 55
0 1 2 2 0 1 0 7 2 3 31 5 39 9 31
1 1 0 3 3 3 0 5 2 3 21 0 23 4 42
3 1 1 1 0 0 1 7 4 7 22 3 38 2 57
3 1 1 0 1 3 1 7 6 3 22 4 29 7 61
1 0 1 1 1 2 2 7 6 5 27 4 34 9 46
0 1 0 0 0 3 3 3 2 5 15 4 37 8 37
3 0 0 0 0 2 0 6 5 5 22 4 57 8 25
0 1 0 3 3 1 2 3 2 4 14 2 40 4 39
3 1 1 1 0 2 3 8 9 4 28 3 40 12 49
3 0 3 0 2 2 1 8 8 7 16 5 51 7 50
1 1 0 2 2 3 2 4 3 5 33 3 41 9 40
3 0 3 2 3 1 0 8 5 7 20 4 50 7 40
1 1 3 0 0 1 0 5 3 5 20 4 45 5 44
3 1 0 0 2 0 1 5 2 4 14 3 53 9 39
3 1 0 2 2 2 2 9 6 6 31 4 65 7 49
0 0 0 2 2 0 0 4 1 4 18 1 29 4 38
3 1 0 2 0 0 1 7 6 3 20 2 40 7 33
3 1 2 0 1 3 1 7 4 6 30 4 36 6 44
1 1 1 1 2 1 2 9 5 7 27 5 39 8 58
0 1 1 0 0 1 0 6 2 5 17 3 42 6 28
3 1 2 1 2 2 2 9 0 7 24 1 36 4 41
3 1 1 3 2 1 3 9 7 7 24 5 52 6 45
0 0 2 1 3 2 3 13 5 6 21 3 41 7 57
1 1 2 0 0 1 2 7 6 4 22 3 41 4 32
0 0 0 2 3 2 0 7 9 5 29 5 49 6 43
3 1 2 3 3 1 3 6 2 7 24 4 40 2 29
0 1 3 1 0 1 2 8 5 5 20 5 51 7 62
2 0 0 2 2 1 1 11 6 7 26 2 41 12 47
0 0 0 0 0 3 0 7 2 4 17 4 46 12 40
3 1 3 2 3 2 0 3 2 6 14 3 45 5 38
1 0 3 0 0 0 0 13 11 6 30 4 34 5 32
2 0 0 1 2 0 2 8 3 5 16 2 33 5 68
2 0 1 2 0 1 0 5 4 4 21 4 29 4 39
0 1 3 1 0 0 0 8 6 4 27 3 49 2 23
3 1 2 0 0 2 2 11 8 5 18 4 37 4 38
3 1 3 3 2 1 1 5 1 4 20 4 25 5 38
3 0 0 3 1 1 1 7 6 7 21 2 55 12 52
2 0 0 2 1 2 0 10 8 4 26 4 37 10 51
3 1 0 1 1 1 0 8 4 7 24 4 46 6 43
0 0 3 3 3 1 0 7 3 5 21 3 45 8 37
0 1 2 0 2 0 2 7 7 7 16 1 31 3 38
3 1 2 0 1 2 1 9 3 6 25 1 34 3 22
0 0 2 3 3 1 0 5 5 3 27 5 44 5 29
0 0 3 2 2 1 1 7 6 6 18 5 50 12 49
0 0 1 0 0 0 0 8 7 4 18 2 30 2 36
2 1 0 1 3 0 3 8 7 7 26 4 34 4 33
3 1 0 1 2 0 1 6 2 7 26 4 35 2 35
3 1 0 0 3 1 2 4 2 4 20 4 44 7 29
2 1 0 1 3 1 3 6 4 6 17 3 32 5 45
0 1 2 3 3 1 1 11 9 3 36 5 48 12 44
1 0 2 1 0 0 0 7 3 6 14 3 32 3 18
0 0 1 0 0 0 2 9 6 5 21 3 41 2 45
3 1 0 2 2 1 1 9 5 5 26 4 43 6 33
3 1 0 0 0 2 0 6 4 5 19 3 33 9 52
3 0 0 3 0 3 0 13 11 8 15 3 43 4 42
3 1 2 1 2 2 0 6 5 6 25 2 53 12 45
3 1 2 2 1 2 3 8 8 4 15 4 40 12 44
0 0 0 3 0 2 0 9 10 8 14 2 43 8 24
3 1 0 1 1 3 1 5 3 8 17 4 35 11 16
1 1 3 2 2 0 2 6 5 5 19 4 42 7 35
0 0 0 3 3 0 2 5 3 6 19 2 34 3 17
3 1 0 1 NA 0 1 5 3 5 16 3 32 4 45
1 0 1 0 0 3 0 4 2 4 26 5 33 12 47
2 0 3 3 3 3 2 12 10 6 22 4 54 10 45
3 1 0 0 0 0 0 8 6 7 15 5 42 3 31
3 1 2 2 1 1 0 6 2 8 27 4 37 8 56
0 1 3 2 3 2 1 9 6 4 21 4 36 4 47
3 1 0 3 3 1 0 3 2 5 20 2 44 8 32
3 1 3 3 1 3 1 6 4 4 23 4 44 11 37
3 0 0 2 2 2 0 6 5 5 19 5 34 6 39
2 0 0 1 1 1 2 8 6 8 30 4 46 6 44
0 0 0 2 0 1 2 5 4 7 17 3 34 5 28
1 1 0 2 0 0 0 5 3 6 20 4 34 3 45
3 1 3 1 0 3 1 8 4 5 25 5 37 9 30
0 0 2 2 2 1 0 7 4 4 21 4 55 8 47
3 1 0 1 1 2 2 6 4 4 25 5 36 5 44
3 1 3 3 3 1 2 8 5 6 29 5 34 5 35
0 0 1 3 3 0 1 6 4 8 12 2 34 2 58
1 0 0 2 2 3 0 7 4 7 28 3 37 4 18
0 1 3 1 2 1 1 5 3 4 28 5 42 3 41
2 1 3 0 1 2 1 9 8 7 21 2 47 3 51
2 0 2 3 2 2 2 9 5 6 24 3 54 6 36
1 0 0 2 2 2 0 6 0 3 15 4 39 6 36
3 1 3 0 0 1 0 7 5 4 31 3 44 2 21
1 0 0 3 2 0 2 10 6 5 29 3 41 6 48
3 1 2 1 2 2 1 13 9 5 24 3 31 6 57
1 0 3 2 3 1 3 5 2 5 20 3 42 3 37
0 0 1 1 2 2 0 6 5 2 23 3 38 11 42
1 0 3 2 1 2 2 2 1 6 20 3 35 7 45
1 0 2 2 0 1 2 7 5 6 18 2 35 7 53
0 0 2 0 2 0 1 10 5 3 18 1 43 5 26
2 1 0 3 3 3 1 5 3 7 24 5 36 12 46
0 0 3 0 0 0 0 10 6 6 16 3 43 4 39
1 0 0 2 2 2 1 7 4 6 32 4 34 2 56
3 1 1 3 2 1 1 10 6 7 27 4 52 9 41
0 1 1 1 1 0 1 3 2 5 16 1 38 3 23
0 0 0 3 2 2 0 7 4 5 24 5 43 3 31
3 1 0 3 2 3 0 5 4 4 21 5 37 5 27
2 0 1 1 2 3 3 7 7 4 27 4 43 4 44
1 0 0 1 1 3 1 7 7 4 23 5 45 2 55
3 1 2 2 3 2 2 7 4 8 18 4 46 4 33
1 1 3 1 2 0 1 11 11 4 36 4 31 6 40
0 0 0 3 1 3 2 7 2 4 25 2 39 8 33
0 0 1 3 3 1 1 5 4 6 18 3 32 2 18
1 1 2 0 0 3 0 5 3 4 27 5 57 6 22
3 1 3 2 1 2 1 10 5 3 33 2 59 6 48
2 0 3 1 0 0 1 5 4 7 15 4 41 3 29
1 0 1 1 1 1 0 9 6 5 18 5 38 12 41
0 0 3 1 0 0 1 8 8 8 17 2 31 2 52
0 1 3 0 1 3 1 9 7 6 27 4 55 2 58
3 0 3 1 0 1 3 8 5 5 35 3 36 4 58
1 1 2 1 2 1 2 8 5 7 24 4 46 12 42
1 0 2 0 0 0 1 8 7 5 18 4 45 3 25
3 1 0 0 0 3 0 6 2 8 29 5 53 12 28
3 1 0 0 1 1 0 10 7 7 17 4 36 6 33
3 1 3 2 1 2 0 4 3 4 18 2 44 5 34
3 1 2 3 1 3 2 10 10 4 30 0 54 12 54
2 1 3 2 3 2 3 7 4 6 26 3 32 6 35
0 0 0 2 0 0 0 11 6 7 27 2 41 7 30
3 1 1 0 0 2 1 8 3 3 25 4 32 7 42
1 1 3 3 3 2 2 11 10 5 27 5 41 4 53
0 1 3 3 2 0 1 5 3 8 18 4 42 4 17
3 1 0 2 3 3 2 7 6 4 21 2 41 9 42
3 1 2 3 3 1 1 13 12 7 30 5 50 9 63
3 1 0 2 1 2 1 5 2 7 29 4 55 7 56
1 0 1 0 1 0 0 8 3 7 21 5 56 3 16
3 1 2 0 1 2 0 8 7 4 35 5 51 10 45
3 1 1 1 1 3 3 6 6 5 27 4 35 7 29
0 0 1 1 2 1 0 7 4 6 7 1 45 4 58
0 0 2 0 1 3 0 5 2 4 23 4 37 8 43
3 1 3 2 1 2 2 9 9 7 30 5 56 4 48
2 1 0 2 1 1 2 10 7 7 22 5 41 9 36
3 0 2 0 1 0 1 8 3 6 23 3 33 5 43
3 1 3 3 1 0 1 5 6 5 18 3 36 3 25
3 1 2 1 0 1 0 7 6 4 14 4 41 8 19
3 1 2 1 2 3 0 5 3 4 11 4 39 7 39
0 0 2 0 3 1 0 4 0 7 26 4 47 5 19
0 0 3 3 3 1 0 5 3 7 21 3 34 8 53
2 0 3 0 0 0 1 6 5 5 23 5 29 7 54
3 0 0 0 1 0 1 7 1 8 26 4 35 8 32
3 1 0 0 0 0 0 7 4 4 16 5 38 6 51
3 1 0 3 3 2 2 3 3 5 12 0 25 6 25
